Matrix de Confusão:
2075.0  1.0    0.0    0.0    0.0    0.0   
506.0   402.0  0.0    0.0    0.0    0.0   
178.0   0.0    642.0  0.0    0.0    0.0   
138.0   0.0    1.0    456.0  0.0    0.0   
41.0    0.0    0.0    0.0    435.0  0.0   
71.0    0.0    0.0    0.0    0.0    41.0  

Taxa de Falso Positivo:
FPR(0.0) = 0.32085194091377534
FPR(1.0) = 2.4515812699190976E-4
FPR(2.0) = 2.3998080153587713E-4
FPR(3.0) = 0.0
FPR(4.0) = 0.0
FPR(5.0) = 0.0

Taxa de Verdadeiro Positivo:
TPR(0.0) = 0.9995183044315993
TPR(1.0) = 0.44273127753303965
TPR(2.0) = 0.7829268292682927
TPR(3.0) = 0.7663865546218488
TPR(4.0) = 0.9138655462184874
TPR(5.0) = 0.36607142857142855

F1-Score por label:
F1-Score(0.0) = 0.816125860373648
F1-Score(1.0) = 0.6132723112128146
F1-Score(2.0) = 0.8776486671223512
F1-Score(3.0) = 0.867745004757374
F1-Score(4.0) = 0.9549945115257958
F1-Score(5.0) = 0.5359477124183006

Precision:
Precision(0.0) = 0.6895978730475241
Precision(1.0) = 0.9975186104218362
Precision(2.0) = 0.9984447900466563
Precision(3.0) = 1.0
Precision(4.0) = 1.0
Precision(5.0) = 1.0

Recall por label:
Recall(0.0) = 0.9995183044315993
Recall(1.0) = 0.44273127753303965
Recall(2.0) = 0.7829268292682927
Recall(3.0) = 0.7663865546218488
Recall(4.0) = 0.9138655462184874
Recall(5.0) = 0.36607142857142855

Sumário de métricas
Acurácia = 0.8123120112291959
weightedFalsePositiveRate = 0.13364909107149903
weightedFMeasure = 0.8024287669671191
weightedPrecision = 0.8700775637754051
weightedRecall = 0.8123120112291959
weightedTruePositiveRate = 0.8123120112291959
