Matrix de Confusão:
6797.0  28.0   3.0     3.0     0.0     0.0  
1964.0  961.0  2.0     17.0    9.0     0.0  
702.0   0.0    2035.0  0.0     0.0     0.0  
583.0   12.0   7.0     1462.0  1.0     0.0  
169.0   3.0    1.0     5.0     1387.0  0.0  
327.0   6.0    3.0     7.0     2.0     8.0  

Taxa de Falso Positivo:
FPR(0.0) = 0.3871601364623178
FPR(1.0) = 0.003615969301158586
FPR(2.0) = 0.0011621994624827485
FPR(3.0) = 0.002216219959831013
FPR(4.0) = 8.032666175781511E-4
FPR(5.0) = 0.0

Taxa de Verdadeiro Positivo:
TPR(0.0) = 0.9950226906748646
TPR(1.0) = 0.32543176430748394
TPR(2.0) = 0.7435147972232371
TPR(3.0) = 0.7079903147699758
TPR(4.0) = 0.886261980830671
TPR(5.0) = 0.0226628895184136

F1-Score por label:
F1-Score(0.0) = 0.7824785586830139
F1-Score(1.0) = 0.4849861216250316
F1-Score(2.0) = 0.8500417710944027
F1-Score(3.0) = 0.8215790952514751
F1-Score(4.0) = 0.9358974358974359
F1-Score(5.0) = 0.044321329639889204

Precision:
Precision(0.0) = 0.6447543160690571
Precision(1.0) = 0.9514851485148514
Precision(2.0) = 0.9921989273525109
Precision(3.0) = 0.9785809906291834
Precision(4.0) = 0.9914224446032881
Precision(5.0) = 1.0

Recall por label:
Recall(0.0) = 0.9950226906748646
Recall(1.0) = 0.32543176430748394
Recall(2.0) = 0.7435147972232371
Recall(3.0) = 0.7079903147699758
Recall(4.0) = 0.886261980830671
Recall(5.0) = 0.0226628895184136

Sumário de métricas
Acurácia = 0.7664808531265148
weightedFalsePositiveRate = 0.16143864492988305
weightedFMeasure = 0.744105982019173
weightedPrecision = 0.8394962864911122
weightedRecall = 0.7664808531265147
weightedTruePositiveRate = 0.7664808531265147
